YEAR MO DY ALLSKY_SFC_LW_DWN
2015 01 04              4.39
2015 01 05              5.21
2015 01 06              5.19
2015 01 07              5.96
2015 01 08              4.22
2015 01 09              5.53
2015 01 10              5.80
2015 01 11              4.73
2015 01 12              4.36
2015 01 13              5.45
2015 01 14              5.48
2015 01 15              5.79
2015 01 16              5.70
2015 01 17              5.43
2015 01 18              6.08
2015 01 19              5.88
2015 01 20              5.09
2015 01 21              5.60
2015 01 22              5.68
2015 01 23              6.04
2015 01 24              5.83
2015 01 25              6.44
2015 01 26              6.11
2015 01 27              5.77
2015 01 28              5.31
2015 01 29              5.45
2015 01 30              5.65
2015 01 31              4.54
2015 02 01              4.97
2015 02 02              5.58
2015 02 03              4.68
2015 02 04              5.16
2015 02 05              6.00
2015 02 06              6.19
2015 02 07              6.33
2015 02 08              5.70
2015 02 09              6.13
2015 02 10              5.71
2015 02 11              6.16
2015 02 12              6.15
2015 02 13              6.13
2015 02 14              5.56
2015 02 15              5.44
2015 02 16              5.72
2015 02 17              5.70
2015 02 18              5.90
2015 02 19              6.00
2015 02 20              6.16
2015 02 21              5.07
2015 02 22              4.58
2015 02 23              6.05
2015 02 24              6.30
2015 02 25              5.59
2015 02 26              5.18
2015 02 27              5.20
2015 02 28              4.55
2015 03 01              4.87
2015 03 02              5.02
2015 03 03              3.79
2015 03 04              4.74
2015 03 05              5.91
2015 03 06              5.83
2015 03 07              5.46
2015 03 08              5.45
2015 03 09              5.99
2015 03 10              5.93
2015 03 11              6.37
2015 03 12              6.12
2015 03 13              6.22
2015 03 14              6.82
2015 03 15              5.91
2015 03 16              5.72
2015 03 17              5.36
2015 03 18              5.74
2015 03 19              5.93
2015 03 20              6.27
2015 03 21              6.63
2015 03 22              5.86
2015 03 23              6.14
2015 03 24              5.84
2015 03 25              5.86
2015 03 26              6.76
2015 03 27              6.43
2015 03 28              6.47
2015 03 29              6.19
2015 03 30              6.35
2015 03 31              5.80
2015 04 01              5.98
2015 04 02              5.55
2015 04 03              5.40
2015 04 04              5.84
2015 04 05              5.71
2015 04 06              5.72
2015 04 07              5.08
2015 04 08              5.06
2015 04 09              5.25
2015 04 10              5.78
2015 04 11              5.80
2015 04 12              5.28
2015 04 13              6.01
2015 04 14              6.34
2015 04 15              5.24
2015 04 16              5.98
2015 04 17              6.18
2015 04 18              5.72
2015 04 19              5.44
2015 04 20              6.46
2015 04 21              6.85
2015 04 22              6.40
2015 04 23              6.03
2015 04 24              6.32
2015 04 25              6.55
2015 04 26              5.70
2015 04 27              6.12
2015 04 28              6.78
2015 04 29              6.75
2015 04 30              6.35
2015 05 01              6.57
2015 05 02              5.86
2015 05 03              5.44
2015 05 04              6.04
2015 05 05              6.62
2015 05 06              6.32
2015 05 07              6.04
2015 05 08              6.21
2015 05 09              6.03
2015 05 10              6.44
2015 05 11              5.82
2015 05 12              5.36
2015 05 13              6.37
2015 05 14              7.08
2015 05 15              7.17
2015 05 16              7.30
2015 05 17              6.60
2015 05 18              6.02
2015 05 19              5.78
2015 05 20              5.88
2015 05 21              6.18
2015 05 22              5.99
2015 05 23              6.26
2015 05 24              6.56
2015 05 25              7.19
2015 05 26              7.58
2015 05 27              7.46
2015 05 28              7.97
2015 05 29              7.83
2015 05 30              7.32
2015 05 31              6.85
2015 06 01              7.28
2015 06 02              7.69
2015 06 03              7.94
2015 06 04              7.42
2015 06 05              7.55
2015 06 06              7.39
2015 06 07              7.79
2015 06 08              7.40
2015 06 09              7.70
2015 06 10              7.38
2015 06 11              7.54
2015 06 12              7.19
2015 06 13              7.31
2015 06 14              7.34
2015 06 15              6.98
2015 06 16              7.23
2015 06 17              7.71
2015 06 18              7.76
2015 06 19              7.36
2015 06 20              7.19
2015 06 21              7.09
2015 06 22              6.96
2015 06 23              7.24
2015 06 24              7.47
2015 06 25              7.78
2015 06 26              7.40
2015 06 27              7.67
2015 06 28              8.01
2015 06 29              8.79
2015 06 30              8.36
2015 07 01              7.96
2015 07 02              7.92
2015 07 03              7.79
2015 07 04              7.84
2015 07 05              7.46
2015 07 06              7.51
2015 07 07              7.54
2015 07 08              7.53
2015 07 09              8.08
2015 07 10              8.11
2015 07 11              8.31
2015 07 12              8.62
2015 07 13              8.10
2015 07 14              7.77
2015 07 15              8.02
2015 07 16              7.60
2015 07 17              7.81
2015 07 18              7.27
2015 07 19              7.88
2015 07 20              7.89
2015 07 21              7.57
2015 07 22              7.44
2015 07 23              7.40
2015 07 24              7.35
2015 07 25              7.65
2015 07 26              7.23
2015 07 27              7.09
2015 07 28              7.22
2015 07 29              7.31
2015 07 30              7.01
2015 07 31              7.10
2015 08 01              7.33
2015 08 02              7.64
2015 08 03              8.42
2015 08 04              8.20
2015 08 05              7.71
2015 08 06              7.64
2015 08 07              7.23
2015 08 08              7.22
2015 08 09              7.38
2015 08 10              7.43
2015 08 11              7.82
2015 08 12              7.26
2015 08 13              7.50
2015 08 14              8.20
2015 08 15              7.92
2015 08 16              7.45
2015 08 17              7.11
2015 08 18              7.20
2015 08 19              6.99
2015 08 20              7.89
2015 08 21              7.24
2015 08 22              5.81
2015 08 23              6.54
2015 08 24              7.05
2015 08 25              7.06
2015 08 26              7.18
2015 08 27              7.38
2015 08 28              8.04
2015 08 29              7.56
2015 08 30              6.86
2015 08 31              7.18
2015 09 01              7.02
2015 09 02              6.87
2015 09 03              6.88
2015 09 04              7.12
2015 09 05              7.24
2015 09 06              7.06
2015 09 07              6.89
2015 09 08              7.14
2015 09 09              7.10
2015 09 10              7.12
2015 09 11              7.07
2015 09 12              7.02
2015 09 13              7.58
2015 09 14              7.07
2015 09 15              6.48
2015 09 16              6.35
2015 09 17              6.36
2015 09 18              6.43
2015 09 19              7.18
2015 09 20              7.62
2015 09 21              6.26
2015 09 22              5.66
2015 09 23              5.92
2015 09 24              6.61
2015 09 25              7.24
2015 09 26              6.30
2015 09 27              5.77
2015 09 28              5.74
2015 09 29              6.75
2015 09 30              6.40
2015 10 01              6.72
2015 10 02              6.70
2015 10 03              6.99
2015 10 04              6.38
2015 10 05              5.88
2015 10 06              7.05
2015 10 07              6.95
2015 10 08              6.89
2015 10 09              7.41
2015 10 10              7.04
2015 10 11              6.69
2015 10 12              6.15
2015 10 13              5.73
2015 10 14              5.63
2015 10 15              5.84
2015 10 16              6.11
2015 10 17              6.35
2015 10 18              7.43
2015 10 19              7.29
2015 10 20              5.61
2015 10 21              6.54
2015 10 22              6.03
2015 10 23              5.79
2015 10 24              5.70
2015 10 25              5.14
2015 10 26              6.44
2015 10 27              5.07
2015 10 28              5.58
2015 10 29              6.40
2015 10 30              6.29
2015 10 31              6.13
2015 11 01              6.08
2015 11 02              5.73
2015 11 03              5.75
2015 11 04              4.85
2015 11 05              5.79
2015 11 06              5.32
2015 11 07              5.94
2015 11 08              6.25
2015 11 09              5.67
2015 11 10              4.98
2015 11 11              5.46
2015 11 12              5.07
2015 11 13              6.44
2015 11 14              6.45
2015 11 15              5.78
2015 11 16              5.09
2015 11 17              6.27
2015 11 18              4.70
2015 11 19              4.95
2015 11 20              4.87
2015 11 21              5.40
2015 11 22              4.84
2015 11 23              6.14
2015 11 24              4.93
2015 11 25              3.96
2015 11 26              4.38
2015 11 27              4.54
2015 11 28              4.56
2015 11 29              4.94
2015 11 30              4.54
2015 12 01              4.87
2015 12 02              5.34
2015 12 03              5.67
2015 12 04              5.68
2015 12 05              5.60
2015 12 06              5.91
2015 12 07              5.76
2015 12 08              6.16
2015 12 09              6.22
2015 12 10              5.49
2015 12 11              5.71
2015 12 12              5.12
2015 12 13              5.68
2015 12 14              4.72
2015 12 15              4.78
2015 12 16              4.37
2015 12 17              4.10
2015 12 18              5.44
2015 12 19              4.74
2015 12 20              5.01
2015 12 21              4.88
2015 12 22              4.98
2015 12 23              4.54
2015 12 24              4.74
2015 12 25              3.93
2015 12 26              4.43
2015 12 27              5.11
2015 12 28              5.36
2015 12 29              4.02
2015 12 30              3.88
2015 12 31              4.45
2016 01 01              4.40
2016 01 02              4.33
2016 01 03              4.46
2016 01 04              5.04
2016 01 05              5.39
2016 01 06              5.69
2016 01 07              5.19
2016 01 08              3.97
2016 01 09              4.05
2016 01 10              5.44
2016 01 11              5.01
2016 01 12              5.44
2016 01 13              5.91
2016 01 14              5.68
2016 01 15              5.13
2016 01 16              5.00
2016 01 17              5.43
2016 01 18              5.08
2016 01 19              5.23
2016 01 20              5.47
2016 01 21              5.82
2016 01 22              6.18
2016 01 23              5.47
2016 01 24              5.21
2016 01 25              5.10
2016 01 26              6.02
2016 01 27              5.99
2016 01 28              5.97
2016 01 29              5.21
2016 01 30              5.95
2016 01 31              5.09
2016 02 01              5.35
2016 02 02              4.95
2016 02 03              4.63
2016 02 04              5.59
2016 02 05              5.92
2016 02 06              5.36
2016 02 07              5.31
2016 02 08              5.99
2016 02 09              5.73
2016 02 10              6.28
2016 02 11              5.93
2016 02 12              6.10
2016 02 13              5.82
2016 02 14              6.06
2016 02 15              5.83
2016 02 16              5.71
2016 02 17              5.80
2016 02 18              6.19
2016 02 19              6.04
2016 02 20              5.84
2016 02 21              4.83
2016 02 22              4.94
2016 02 23              4.74
2016 02 24              5.08
2016 02 25              5.23
2016 02 26              6.07
2016 02 27              6.09
2016 02 28              5.96
2016 02 29              5.70
2016 03 01              5.70
2016 03 02              6.31
2016 03 03              5.60
2016 03 04              5.54
2016 03 05              5.92
2016 03 06              6.61
2016 03 07              5.79
2016 03 08              5.61
2016 03 09              5.55
2016 03 10              5.93
2016 03 11              5.61
2016 03 12              6.45
2016 03 13              5.54
2016 03 14              5.83
2016 03 15              5.73
2016 03 16              5.37
2016 03 17              5.53
2016 03 18              4.77
2016 03 19              5.39
2016 03 20              6.27
2016 03 21              6.60
2016 03 22              6.15
2016 03 23              6.22
2016 03 24              6.42
2016 03 25              5.97
2016 03 26              5.41
2016 03 27              6.03
2016 03 28              6.36
2016 03 29              5.82
2016 03 30              7.05
2016 03 31              6.45
2016 04 01              5.90
2016 04 02              6.05
2016 04 03              6.18
2016 04 04              6.95
2016 04 05              6.14
2016 04 06              6.23
2016 04 07              5.82
2016 04 08              6.55
2016 04 09              6.02
2016 04 10              5.98
2016 04 11              6.12
2016 04 12              6.46
2016 04 13              6.04
2016 04 14              6.48
2016 04 15              6.19
2016 04 16              6.23
2016 04 17              6.39
2016 04 18              6.62
2016 04 19              7.16
2016 04 20              6.45
2016 04 21              6.89
2016 04 22              7.02
2016 04 23              7.20
2016 04 24              7.22
2016 04 25              7.16
2016 04 26              6.59
2016 04 27              6.15
2016 04 28              6.76
2016 04 29              6.54
2016 04 30              6.74
2016 05 01              6.74
2016 05 02              6.81
2016 05 03              6.62
2016 05 04              7.49
2016 05 05              7.13
2016 05 06              6.02
2016 05 07              6.59
2016 05 08              7.19
2016 05 09              6.78
2016 05 10              6.62
2016 05 11              6.49
2016 05 12              7.03
2016 05 13              6.11
2016 05 14              5.42
2016 05 15              5.74
2016 05 16              6.46
2016 05 17              7.49
2016 05 18              7.54
2016 05 19              7.61
2016 05 20              7.22
2016 05 21              7.58
2016 05 22              7.25
2016 05 23              7.13
2016 05 24              6.20
2016 05 25              7.09
2016 05 26              7.36
2016 05 27              7.24
2016 05 28              6.54
2016 05 29              7.15
2016 05 30              6.75
2016 05 31              6.65
2016 06 01              7.40
2016 06 02              7.35
2016 06 03              6.76
2016 06 04              7.08
2016 06 05              7.28
2016 06 06              8.08
2016 06 07              8.06
2016 06 08              8.07
2016 06 09              7.25
2016 06 10              7.45
2016 06 11              6.78
2016 06 12              6.57
2016 06 13              7.09
2016 06 14              7.09
2016 06 15              6.00
2016 06 16              6.74
2016 06 17              6.72
2016 06 18              7.05
2016 06 19              7.23
2016 06 20              7.29
2016 06 21              7.54
2016 06 22              7.43
2016 06 23              7.48
2016 06 24              7.45
2016 06 25              7.77
2016 06 26              7.38
2016 06 27              7.33
2016 06 28              7.77
2016 06 29              7.69
2016 06 30              7.87
2016 07 01              7.65
2016 07 02              7.36
2016 07 03              7.48
2016 07 04              7.17
2016 07 05              7.42
2016 07 06              7.92
2016 07 07              7.78
2016 07 08              7.61
2016 07 09              7.66
2016 07 10              7.55
2016 07 11              7.79
2016 07 12              8.06
2016 07 13              8.10
2016 07 14              8.14
2016 07 15              8.02
2016 07 16              7.84
2016 07 17              7.82
2016 07 18              7.48
2016 07 19              7.46
2016 07 20              7.18
2016 07 21              7.01
2016 07 22              7.48
2016 07 23              7.73
2016 07 24              7.40
2016 07 25              7.86
2016 07 26              7.95
2016 07 27              8.05
2016 07 28              7.83
2016 07 29              7.57
2016 07 30              8.12
2016 07 31              7.22
2016 08 01              7.12
2016 08 02              7.42
2016 08 03              7.90
2016 08 04              7.63
2016 08 05              7.43
2016 08 06              7.94
2016 08 07              8.08
2016 08 08              7.88
2016 08 09              7.67
2016 08 10              7.91
2016 08 11              8.06
2016 08 12              7.60
2016 08 13              7.44
2016 08 14              7.74
2016 08 15              7.44
2016 08 16              7.46
2016 08 17              8.37
2016 08 18              7.54
2016 08 19              6.82
2016 08 20              7.55
2016 08 21              7.67
2016 08 22              7.67
2016 08 23              7.92
2016 08 24              7.11
2016 08 25              7.71
2016 08 26              7.15
2016 08 27              8.10
2016 08 28              7.38
2016 08 29              7.32
2016 08 30              7.42
2016 08 31              7.30
2016 09 01              7.39
2016 09 02              7.45
2016 09 03              6.88
2016 09 04              7.11
2016 09 05              6.58
2016 09 06              7.01
2016 09 07              6.89
2016 09 08              7.10
2016 09 09              6.65
2016 09 10              7.46
2016 09 11              7.05
2016 09 12              6.06
2016 09 13              6.19
2016 09 14              6.75
2016 09 15              6.80
2016 09 16              7.11
2016 09 17              7.38
2016 09 18              6.39
2016 09 19              6.84
2016 09 20              6.92
2016 09 21              6.57
2016 09 22              6.96
2016 09 23              6.76
2016 09 24              6.23
2016 09 25              6.51
2016 09 26              6.79
2016 09 27              7.16
2016 09 28              6.88
2016 09 29              6.94
2016 09 30              7.41
2016 10 01              7.29
2016 10 02              5.78
2016 10 03              5.82
2016 10 04              6.95
2016 10 05              6.72
2016 10 06              6.25
2016 10 07              6.38
2016 10 08              6.66
2016 10 09              6.47
2016 10 10              6.21
2016 10 11              5.14
2016 10 12              5.10
2016 10 13              6.48
2016 10 14              6.89
2016 10 15              6.51
2016 10 16              6.31
2016 10 17              6.40
2016 10 18              6.67
2016 10 19              5.78
2016 10 20              6.20
2016 10 21              5.63
2016 10 22              5.63
2016 10 23              5.63
2016 10 24              6.66
2016 10 25              6.50
2016 10 26              6.35
2016 10 27              6.70
2016 10 28              6.75
2016 10 29              5.82
2016 10 30              5.57
2016 10 31              6.31
2016 11 01              6.28
2016 11 02              6.63
2016 11 03              5.64
2016 11 04              6.13
2016 11 05              6.50
2016 11 06              6.54
2016 11 07              6.30
2016 11 08              6.71
2016 11 09              6.41
2016 11 10              5.97
2016 11 11              6.73
2016 11 12              6.74
2016 11 13              6.57
2016 11 14              5.81
2016 11 15              5.97
2016 11 16              5.77
2016 11 17              5.75
2016 11 18              5.49
2016 11 19              5.92
2016 11 20              6.00
2016 11 21              6.09
2016 11 22              5.18
2016 11 23              5.52
2016 11 24              5.65
2016 11 25              5.48
2016 11 26              5.86
2016 11 27              5.87
2016 11 28              4.93
2016 11 29              4.48
2016 11 30              5.36
2016 12 01              5.76
2016 12 02              5.36
2016 12 03              5.48
2016 12 04              5.60
2016 12 05              4.35
2016 12 06              4.29
2016 12 07              3.61
2016 12 08              3.79
2016 12 09              3.65
2016 12 10              4.38
2016 12 11              4.59
2016 12 12              3.75
2016 12 13              3.59
2016 12 14              3.69
2016 12 15              4.25
2016 12 16              3.43
2016 12 17              4.24
2016 12 18              5.37
2016 12 19              5.21
2016 12 20              5.27
2016 12 21              5.14
2016 12 22              5.23
2016 12 23              5.39
2016 12 24              5.44
2016 12 25              4.15
2016 12 26              4.75
2016 12 27              5.37
2016 12 28              5.03
2016 12 29              5.04
2016 12 30              4.84
2016 12 31              5.29
2017 01 01              4.68
2017 01 02              3.87
2017 01 03              3.45
2017 01 04              4.53
2017 01 05              5.08
2017 01 06              4.71
2017 01 07              4.62
2017 01 08              4.77
2017 01 09              4.67
2017 01 10              3.72
2017 01 11              3.81
2017 01 12              4.14
2017 01 13              4.50
2017 01 14              5.28
2017 01 15              5.23
2017 01 16              5.97
2017 01 17              6.13
2017 01 18              5.62
2017 01 19              5.64
2017 01 20              4.88
2017 01 21              5.12
2017 01 22              5.76
2017 01 23              5.61
2017 01 24              5.38
2017 01 25              4.97
2017 01 26              5.00
2017 01 27              5.55
2017 01 28              5.92
2017 01 29              5.72
2017 01 30              4.93
2017 01 31              4.74
2017 02 01              5.00
2017 02 02              4.08
2017 02 03              4.70
2017 02 04              4.89
2017 02 05              4.79
2017 02 06              4.43
2017 02 07              3.37
2017 02 08              4.07
2017 02 09              5.64
2017 02 10              5.34
2017 02 11              5.11
2017 02 12              5.80
2017 02 13              5.83
2017 02 14              5.83
2017 02 15              6.49
2017 02 16              5.96
2017 02 17              5.78
2017 02 18              5.93
2017 02 19              6.12
2017 02 20              5.76
2017 02 21              5.51
2017 02 22              5.63
2017 02 23              5.41
2017 02 24              5.29
2017 02 25              5.10
2017 02 26              5.01
2017 02 27              4.43
2017 02 28              4.69
2017 03 01              5.06
2017 03 02              5.29
2017 03 03              5.62
2017 03 04              5.68
2017 03 05              5.11
2017 03 06              5.05
2017 03 07              4.89
2017 03 08              4.95
2017 03 09              4.61
2017 03 10              5.20
2017 03 11              5.41
2017 03 12              5.62
2017 03 13              6.39
2017 03 14              6.11
2017 03 15              6.46
2017 03 16              5.52
2017 03 17              5.47
2017 03 18              6.18
2017 03 19              4.98
2017 03 20              5.08
2017 03 21              6.48
2017 03 22              5.96
2017 03 23              5.46
2017 03 24              6.76
2017 03 25              5.37
2017 03 26              5.69
2017 03 27              6.23
2017 03 28              6.05
2017 03 29              6.07
2017 03 30              6.31
2017 03 31              5.93
2017 04 01              6.39
2017 04 02              6.10
2017 04 03              5.27
2017 04 04              4.91
2017 04 05              6.54
2017 04 06              6.52
2017 04 07              6.57
2017 04 08              6.45
2017 04 09              6.58
2017 04 10              5.77
2017 04 11              6.33
2017 04 12              6.58
2017 04 13              6.65
2017 04 14              6.20
2017 04 15              6.01
2017 04 16              5.53
2017 04 17              6.54
2017 04 18              6.63
2017 04 19              5.91
2017 04 20              6.58
2017 04 21              6.45
2017 04 22              6.48
2017 04 23              6.37
2017 04 24              6.68
2017 04 25              6.50
2017 04 26              6.36
2017 04 27              6.57
2017 04 28              6.28
2017 04 29              6.35
2017 04 30              6.41
2017 05 01              6.34
2017 05 02              6.01
2017 05 03              6.66
2017 05 04              6.97
2017 05 05              7.52
2017 05 06              7.47
2017 05 07              6.85
2017 05 08              6.15
2017 05 09              7.51
2017 05 10              7.00
2017 05 11              6.98
2017 05 12              7.34
2017 05 13              6.54
2017 05 14              6.39
2017 05 15              6.10
2017 05 16              6.75
2017 05 17              7.07
2017 05 18              6.61
2017 05 19              6.75
2017 05 20              6.75
2017 05 21              6.83
2017 05 22              7.51
2017 05 23              7.83
2017 05 24              7.16
2017 05 25              6.70
2017 05 26              6.89
2017 05 27              6.99
2017 05 28              7.08
2017 05 29              7.25
2017 05 30              7.53
2017 05 31              7.87
2017 06 01              7.82
2017 06 02              6.96
2017 06 03              6.77
2017 06 04              7.62
2017 06 05              7.38
2017 06 06              6.82
2017 06 07              7.30
2017 06 08              8.20
2017 06 09              7.39
2017 06 10              7.15
2017 06 11              7.33
2017 06 12              7.07
2017 06 13              7.73
2017 06 14              7.61
2017 06 15              7.09
2017 06 16              7.68
2017 06 17              7.22
2017 06 18              7.38
2017 06 19              7.38
2017 06 20              7.54
2017 06 21              6.91
2017 06 22              7.25
2017 06 23              7.51
2017 06 24              7.15
2017 06 25              7.54
2017 06 26              7.89
2017 06 27              6.70
2017 06 28              7.46
2017 06 29              7.65
2017 06 30              7.92
2017 07 01              7.90
2017 07 02              7.48
2017 07 03              7.12
2017 07 04              7.16
2017 07 05              7.20
2017 07 06              7.50
2017 07 07              8.09
2017 07 08              8.04
2017 07 09              8.14
2017 07 10              7.90
2017 07 11              8.02
2017 07 12              7.58
2017 07 13              7.27
2017 07 14              7.17
2017 07 15              7.72
2017 07 16              7.00
2017 07 17              6.33
2017 07 18              6.37
2017 07 19              7.18
2017 07 20              7.69
2017 07 21              7.90
2017 07 22              7.70
2017 07 23              8.29
2017 07 24              6.77
2017 07 25              6.97
2017 07 26              7.04
2017 07 27              7.95
2017 07 28              7.78
2017 07 29              7.36
2017 07 30              7.48
2017 07 31              7.92
2017 08 01              8.32
2017 08 02              7.06
2017 08 03              7.31
2017 08 04              7.90
2017 08 05              7.73
2017 08 06              7.04
2017 08 07              7.83
2017 08 08              7.63
2017 08 09              7.54
2017 08 10              7.56
2017 08 11              7.02
2017 08 12              7.11
2017 08 13              7.74
2017 08 14              7.58
2017 08 15              6.78
2017 08 16              7.59
2017 08 17              7.22
2017 08 18              7.67
2017 08 19              6.94
2017 08 20              7.53
2017 08 21              7.61
2017 08 22              7.52
2017 08 23              7.82
2017 08 24              7.94
2017 08 25              6.38
2017 08 26              6.83
2017 08 27              7.51
2017 08 28              7.56
2017 08 29              7.29
2017 08 30              7.58
2017 08 31              7.51
2017 09 01              7.37
2017 09 02              7.58
2017 09 03              7.73
2017 09 04              6.89
2017 09 05              6.88
2017 09 06              7.15
2017 09 07              7.44
2017 09 08              8.04
2017 09 09              7.93
2017 09 10              6.75
2017 09 11              7.25
2017 09 12              7.84
2017 09 13              7.30
2017 09 14              7.05
2017 09 15              6.30
2017 09 16              5.95
2017 09 17              6.49
2017 09 18              6.89
2017 09 19              6.08
2017 09 20              7.11
2017 09 21              6.71
2017 09 22              6.60
2017 09 23              6.44
2017 09 24              6.84
2017 09 25              7.03
2017 09 26              6.92
2017 09 27              6.84
2017 09 28              6.41
2017 09 29              6.38
2017 09 30              7.03
2017 10 01              6.55
2017 10 02              6.28
2017 10 03              5.04
2017 10 04              6.50
2017 10 05              6.36
2017 10 06              6.53
2017 10 07              6.15
2017 10 08              5.61
2017 10 09              6.08
2017 10 10              6.53
2017 10 11              6.37
2017 10 12              6.28
2017 10 13              6.15
2017 10 14              5.59
2017 10 15              6.22
2017 10 16              6.41
2017 10 17              6.34
2017 10 18              6.14
2017 10 19              6.74
2017 10 20              6.35
2017 10 21              5.68
2017 10 22              5.97
2017 10 23              5.88
2017 10 24              7.15
2017 10 25              6.59
2017 10 26              5.91
2017 10 27              6.62
2017 10 28              7.08
2017 10 29              5.66
2017 10 30              5.25
2017 10 31              6.40
2017 11 01              5.93
2017 11 02              5.25
2017 11 03              4.92
2017 11 04              4.80
2017 11 05              4.82
2017 11 06              3.94
2017 11 07              5.06
2017 11 08              4.68
2017 11 09              5.84
2017 11 10              6.24
2017 11 11              5.62
2017 11 12              5.82
2017 11 13              5.69
2017 11 14              6.18
2017 11 15              5.78
2017 11 16              5.52
2017 11 17              5.36
2017 11 18              5.88
2017 11 19              5.80
2017 11 20              6.06
2017 11 21              5.66
2017 11 22              6.06
2017 11 23              6.23
2017 11 24              5.86
2017 11 25              6.04
2017 11 26              6.05
2017 11 27              5.21
2017 11 28              5.46
2017 11 29              5.55
2017 11 30              5.56
2017 12 01              5.35
2017 12 02              5.42
2017 12 03              5.11
2017 12 04              5.29
2017 12 05              4.80
2017 12 06              5.25
2017 12 07              5.48
2017 12 08              4.98
2017 12 09              5.40
2017 12 10              5.43
2017 12 11              5.83
2017 12 12              5.61
2017 12 13              5.27
2017 12 14              5.83
2017 12 15              5.61
2017 12 16              4.77
2017 12 17              6.19
2017 12 18              5.33
2017 12 19              5.43
2017 12 20              4.71
2017 12 21              5.41
2017 12 22              4.30
2017 12 23              4.69
2017 12 24              4.63
2017 12 25              3.93
2017 12 26              3.68
2017 12 27              4.42
2017 12 28              4.48
2017 12 29              4.61
2017 12 30              4.13
2017 12 31              3.34
2018 01 01              4.27
2018 01 02              5.76
2018 01 03              5.33
2018 01 04              5.24
2018 01 05              5.89
2018 01 06              5.95
2018 01 07              5.58
2018 01 08              5.93
2018 01 09              5.66
2018 01 10              4.48
2018 01 11              3.71
2018 01 12              5.02
2018 01 13              5.48
2018 01 14              5.90
2018 01 15              5.52
2018 01 16              5.63
2018 01 17              5.80
2018 01 18              5.65
2018 01 19              5.30
2018 01 20              5.45
2018 01 21              5.48
2018 01 22              5.16
2018 01 23              5.32
2018 01 24              5.82
2018 01 25              5.45
2018 01 26              4.73
2018 01 27              4.72
2018 01 28              5.27
2018 01 29              6.11
2018 01 30              5.67
2018 01 31              5.29
2018 02 01              5.09
2018 02 02              5.56
2018 02 03              4.92
2018 02 04              4.61
2018 02 05              4.17
2018 02 06              4.97
2018 02 07              5.65
2018 02 08              4.66
2018 02 09              3.60
2018 02 10              5.04
2018 02 11              4.23
2018 02 12              4.33
2018 02 13              6.03
2018 02 14              5.46
2018 02 15              4.40
2018 02 16              5.41
2018 02 17              4.84
2018 02 18              4.39
2018 02 19              3.60
2018 02 20              4.45
2018 02 21              3.90
2018 02 22              4.62
2018 02 23              4.75
2018 02 24              4.68
2018 02 25              5.21
2018 02 26              4.56
2018 02 27              4.96
2018 02 28              5.02
2018 03 01              5.58
2018 03 02              5.49
2018 03 03              5.24
2018 03 04              4.86
2018 03 05              4.34
2018 03 06              4.78
2018 03 07              4.99
2018 03 08              5.57
2018 03 09              5.39
2018 03 10              4.77
2018 03 11              4.82
2018 03 12              4.83
2018 03 13              5.32
2018 03 14              6.14
2018 03 15              6.35
2018 03 16              5.90
2018 03 17              6.39
2018 03 18              5.93
2018 03 19              5.43
2018 03 20              6.06
2018 03 21              5.88
2018 03 22              6.34
2018 03 23              5.33
2018 03 24              5.50
2018 03 25              5.06
2018 03 26              5.68
2018 03 27              6.07
2018 03 28              5.71
2018 03 29              5.93
2018 03 30              5.52
2018 03 31              4.41
2018 04 01              5.46
2018 04 02              4.96
2018 04 03              5.00
2018 04 04              5.12
2018 04 05              5.34
2018 04 06              5.39
2018 04 07              5.89
2018 04 08              6.04
2018 04 09              6.12
2018 04 10              6.38
2018 04 11              6.13
2018 04 12              6.20
2018 04 13              5.99
2018 04 14              6.11
2018 04 15              6.53
2018 04 16              6.39
2018 04 17              5.83
2018 04 18              5.60
2018 04 19              5.55
2018 04 20              6.40
2018 04 21              6.24
2018 04 22              5.89
2018 04 23              5.82
2018 04 24              6.07
2018 04 25              6.42
2018 04 26              6.18
2018 04 27              6.07
2018 04 28              6.52
2018 04 29              7.15
2018 04 30              6.44
2018 05 01              6.60
2018 05 02              6.10
2018 05 03              6.69
2018 05 04              7.12
2018 05 05              6.81
2018 05 06              6.78
2018 05 07              7.64
2018 05 08              7.36
2018 05 09              7.39
2018 05 10              7.40
2018 05 11              7.10
2018 05 12              6.74
2018 05 13              6.82
2018 05 14              6.99
2018 05 15              6.96
2018 05 16              7.69
2018 05 17              7.75
2018 05 18              7.09
2018 05 19              6.08
2018 05 20              7.02
2018 05 21              7.05
2018 05 22              7.22
2018 05 23              7.66
2018 05 24              7.54
2018 05 25              7.79
2018 05 26              7.00
2018 05 27              6.99
2018 05 28              6.90
2018 05 29              7.52
2018 05 30              7.54
2018 05 31              7.35
2018 06 01              7.09
2018 06 02              6.54
2018 06 03              7.76
2018 06 04              7.20
2018 06 05              6.60
2018 06 06              6.68
2018 06 07              7.06
2018 06 08              7.41
2018 06 09              7.68
2018 06 10              7.35
2018 06 11              6.89
2018 06 12              6.64
2018 06 13              7.40
2018 06 14              7.45
2018 06 15              7.40
2018 06 16              7.44
2018 06 17              6.59
2018 06 18              6.71
2018 06 19              6.93
2018 06 20              7.09
2018 06 21              7.94
2018 06 22              8.33
2018 06 23              8.38
2018 06 24              7.74
2018 06 25              7.50
2018 06 26              6.66
2018 06 27              6.83
2018 06 28              7.90
2018 06 29              7.30
2018 06 30              7.40
2018 07 01              7.12
2018 07 02              7.28
2018 07 03              7.57
2018 07 04              7.48
2018 07 05              7.37
2018 07 06              7.89
2018 07 07              7.14
2018 07 08              7.01
2018 07 09              7.59
2018 07 10              7.80
2018 07 11              7.29
2018 07 12              7.32
2018 07 13              7.87
2018 07 14              6.88
2018 07 15              6.81
2018 07 16              7.33
2018 07 17              7.72
2018 07 18              8.03
2018 07 19              7.87
2018 07 20              7.16
2018 07 21              7.18
2018 07 22              7.59
2018 07 23              7.84
2018 07 24              7.94
2018 07 25              7.47
2018 07 26              7.45
2018 07 27              7.21
2018 07 28              7.13
2018 07 29              7.27
2018 07 30              7.96
2018 07 31              7.90
2018 08 01              8.16
2018 08 02              7.60
2018 08 03              8.04
2018 08 04              8.20
2018 08 05              7.67
2018 08 06              7.43
2018 08 07              7.67
2018 08 08              7.28
2018 08 09              7.53
2018 08 10              7.79
2018 08 11              8.41
2018 08 12              7.97
2018 08 13              7.36
2018 08 14              7.54
2018 08 15              7.42
2018 08 16              7.13
2018 08 17              7.13
2018 08 18              7.12
2018 08 19              7.07
2018 08 20              7.30
2018 08 21              7.04
2018 08 22              7.32
2018 08 23              7.40
2018 08 24              7.72
2018 08 25              7.38
2018 08 26              7.68
2018 08 27              7.28
2018 08 28              7.63
2018 08 29              8.00
2018 08 30              7.31
2018 08 31              7.01
2018 09 01              6.80
2018 09 02              7.29
2018 09 03              7.37
2018 09 04              6.58
2018 09 05              6.23
2018 09 06              7.07
2018 09 07              7.20
2018 09 08              7.23
2018 09 09              7.79
2018 09 10              7.36
2018 09 11              7.12
2018 09 12              7.10
2018 09 13              6.73
2018 09 14              6.65
2018 09 15              7.23
2018 09 16              7.09
2018 09 17              6.53
2018 09 18              6.74
2018 09 19              6.40
2018 09 20              7.00
2018 09 21              7.21
2018 09 22              6.96
2018 09 23              6.95
2018 09 24              6.90
2018 09 25              6.35
2018 09 26              7.33
2018 09 27              6.81
2018 09 28              6.34
2018 09 29              6.54
2018 09 30              6.55
2018 10 01              6.63
2018 10 02              6.26
2018 10 03              5.41
2018 10 04              5.65
2018 10 05              5.51
2018 10 06              5.52
2018 10 07              5.73
2018 10 08              6.58
2018 10 09              6.44
2018 10 10              6.34
2018 10 11              5.93
2018 10 12              6.44
2018 10 13              5.93
2018 10 14              5.95
2018 10 15              6.53
2018 10 16              5.75
2018 10 17              5.77
2018 10 18              6.66
2018 10 19              6.10
2018 10 20              5.95
2018 10 21              5.44
2018 10 22              5.48
2018 10 23              5.81
2018 10 24              6.72
2018 10 25              6.16
2018 10 26              6.36
2018 10 27              5.71
2018 10 28              6.33
2018 10 29              6.07
2018 10 30              6.19
2018 10 31              6.46
2018 11 01              6.62
2018 11 02              6.68
2018 11 03              6.38
2018 11 04              6.60
2018 11 05              6.09
2018 11 06              5.83
2018 11 07              4.21
2018 11 08              4.58
2018 11 09              5.90
2018 11 10              5.48
2018 11 11              5.70
2018 11 12              5.88
2018 11 13              6.08
2018 11 14              6.23
2018 11 15              6.34
2018 11 16              5.30
2018 11 17              4.63
2018 11 18              6.26
2018 11 19              5.78
2018 11 20              5.60
2018 11 21              6.02
2018 11 22              5.50
2018 11 23              6.00
2018 11 24              5.21
2018 11 25              5.53
2018 11 26              6.49
2018 11 27              6.24
2018 11 28              5.39
2018 11 29              4.95
2018 11 30              5.49
2018 12 01              5.94
2018 12 02              5.73
2018 12 03              4.77
2018 12 04              5.02
2018 12 05              4.57
2018 12 06              4.06
2018 12 07              4.99
2018 12 08              4.44
2018 12 09              5.35
2018 12 10              5.48
2018 12 11              5.54
2018 12 12              5.58
2018 12 13              5.65
2018 12 14              5.73
2018 12 15              5.38
2018 12 16              5.82
2018 12 17              5.57
2018 12 18              6.02
2018 12 19              5.51
2018 12 20              6.13
2018 12 21              5.27
2018 12 22              4.49
2018 12 23              5.59
2018 12 24              5.22
2018 12 25              5.60
2018 12 26              5.41
2018 12 27              4.93
2018 12 28              5.09
2018 12 29              5.84
2018 12 30              5.27
2018 12 31              4.36
2019 01 01              5.86
2019 01 02              6.07
2019 01 03              6.09
2019 01 04              5.84
2019 01 05              5.61
2019 01 06              6.04
2019 01 07              4.92
2019 01 08              4.97
2019 01 09              5.95
2019 01 10              5.83
2019 01 11              5.77
2019 01 12              6.06
2019 01 13              5.64
2019 01 14              5.10
2019 01 15              5.22
2019 01 16              5.52
2019 01 17              5.51
2019 01 18              5.55
2019 01 19              5.54
2019 01 20              5.09
2019 01 21              4.92
2019 01 22              5.58
2019 01 23              5.34
2019 01 24              5.30
2019 01 25              5.81
2019 01 26              6.04
2019 01 27              5.78
2019 01 28              4.19
2019 01 29              4.60
2019 01 30              5.98
2019 01 31              6.17
2019 02 01              5.99
2019 02 02              5.29
2019 02 03              4.46
2019 02 04              3.78
2019 02 05              3.84
2019 02 06              3.66
2019 02 07              4.55
2019 02 08              4.15
2019 02 09              3.57
2019 02 10              3.81
2019 02 11              3.97
2019 02 12              4.77
2019 02 13              4.24
2019 02 14              4.26
2019 02 15              5.09
2019 02 16              4.94
2019 02 17              4.51
2019 02 18              3.87
2019 02 19              5.00
2019 02 20              5.37
2019 02 21              4.29
2019 02 22              5.29
2019 02 23              5.08
2019 02 24              4.19
2019 02 25              3.75
2019 02 26              3.48
2019 02 27              4.34
2019 02 28              4.84
2019 03 01              3.89
2019 03 02              3.14
2019 03 03              3.49
2019 03 04              3.88
2019 03 05              4.08
2019 03 06              4.75
2019 03 07              5.90
2019 03 08              5.57
2019 03 09              4.89
2019 03 10              4.86
2019 03 11              5.89
2019 03 12              5.82
2019 03 13              5.17
2019 03 14              4.85
2019 03 15              5.17
2019 03 16              5.55
2019 03 17              5.39
2019 03 18              5.71
2019 03 19              6.15
2019 03 20              5.71
2019 03 21              5.61
2019 03 22              5.83
2019 03 23              6.27
2019 03 24              6.84
2019 03 25              6.44
2019 03 26              6.52
2019 03 27              6.38
2019 03 28              5.68
2019 03 29              5.91
2019 03 30              5.80
2019 03 31              6.52
2019 04 01              6.28
2019 04 02              5.50
2019 04 03              6.03
2019 04 04              6.64
2019 04 05              6.57
2019 04 06              5.99
2019 04 07              5.90
2019 04 08              5.67
2019 04 09              6.19
2019 04 10              6.67
2019 04 11              6.52
2019 04 12              6.18
2019 04 13              5.94
2019 04 14              5.93
2019 04 15              5.64
2019 04 16              5.69
2019 04 17              6.15
2019 04 18              6.59
2019 04 19              6.56
2019 04 20              5.94
2019 04 21              5.57
2019 04 22              6.44
2019 04 23              6.48
2019 04 24              5.98
2019 04 25              5.65
2019 04 26              6.36
2019 04 27              6.07
2019 04 28              5.64
2019 04 29              5.19
2019 04 30              5.79
